asd
asd
asdasd
asd
asdadfsdfsd
asdasdasdsfsdfsdf
5859210
5859210
5859210
5859210
5859210
5859210
5859210
5859210
5859210
5859210
5859210
5859210
5859210
5859210
5859210
5859210
5859210
5859210
5859210
5859210
5859210
5859210
5859210
5859210
5859210
5859210
5859210
5859210
5859210
5859210
5859210
5859210
5859210
5859210
5859210
5859210
5859210
5859210
5859210
5859210
5859210
5859210
5859210
5859210
5859210
5859210
5859210
5859210
5859210
5859210
5859210
5859210
5859210
5859210
5859210
5859210
5859210
78340794
5859210
78340794
78340794
78340794
78340794
78340794
78340794
12928646
12928646
12928646
78340794
12928646
12928640
12928640
